-0.000000000000000000e+00 2.813319440305231400e-05
-2.000000000000000111e-01 6.671918618985531180e-02
-4.000000000000000222e-01 1.335673012765687673e-01
-6.000000000000000888e-01 2.007130993810419262e-01
-8.000000000000000444e-01 2.683304135899783893e-01
-1.000000000000000000e+00 3.411006522503101657e-01
-1.200000000000000178e+00 4.202435302547468110e-01
-1.400000000000000133e+00 5.036787906896625922e-01
-1.600000000000000089e+00 5.886360703862681953e-01
-1.800000000000000044e+00 6.699635508965150477e-01
-2.000000000000000000e+00 7.692599429819155787e-01
-2.200000000000000178e+00 8.463966733660459596e-01
-2.400000000000000355e+00 8.724585917612901476e-01
-2.600000000000000089e+00 8.948887205531848021e-01
-2.800000000000000266e+00 9.102009907947666845e-01
